1
11
111
112
113
114 
115
117 
118 
119 
1191
1192 
1193 
1194 
12
121
122
123
124
125
126
127
128
129
13
131
132
137
138
139
14
141
142
143
144
147
148
149
15
151
152
153
157
158
159
16 
161
162
168
17
171
172
177
179
1791
1792
18
181
182
183
184
189
19
191
192
193
1931
195
196
197
198
199
1991
1992
1993
1995
1996
1997
2
21
211 
22
221
222
223
224
225
226
227
228
229
23
231
235
238
239
24
241
242
243
246
248
249
25
251
258
259
26
261
262
263
264
265
266
267
268 
269
27
271
279
28
281
288
289
3
31
311
312
315
316
317
319
32
321
322
323
324
325
326
327
328
329
33
331
332
339
34
341
345
346
349
35
351
352
353
358
359
3591
3592
3593
36
361
3611
3612
3613
362
3621
3622
3623
3624
3625
3626
3627
3628
3629
363
3631
3632
3633
3634
3635
3636
3637
3638
3639
364
3641
3642
365
3651
3652
3653
3654
3655
3658
366
367
368
369
37
371
3711
3712
3713
3714
3719
372
3721
3729
373
3731
3739
374
3741
3742
3749
38
381
3811
3812
382
3821
3829
383
384
385
3851
3852
3853
3854
3855
3856
3857
386
3861
3862
3863
3868
3869
389
39
391
3911
3912
3913
392
3921
3922
3923
393
3931
3932
399
3991
3992
3993
4
41
411
412
413
414
4141
4142
4143
417
419
42
421
422
424
429
43
431
4311
4312
4313
4314
432
433
44
441
442
443
4431
4432
444
4441
4442
445
4451
4452
446
4461
4462
4463
4464
447
448
449
4491
4492
4499
45
451
4511
4512
452
4521
4522
453
454
4541
4542
4543
4544
4549
455
4551
4552
4559
456
457
458
4581
4582
4583
4584
459
461
462
463
46310
46311
4632
4633
4634
4635
4636
4637
4638
4639
464
46410
46411
4642
4643
4644
4645
4646
4647
4648
4649
465
4651
4652
4653
466
467
468
469
4691
4692
4693
4694
4695
4696
4697
4699
471
4711
4712
4713
472
473
474
4742
4743
4744
4749
475
476
477
478
479
4791
4792
4793
4799
48
481
4811
4812
4813
482
4821
4822
4823
483
4831
4832
4833
4834
49
491
492
493
5
51
511
512
513
519
52
521
522
523
524
525
526
527
528
529
53
531
532
533
534
539
54
541
55
551
552
559
56
561
562
563
564
569
57
571
572
58
581
582
59
6
61
62
63
64
66
67
68
681
682
683
684
685
686
687
688
689
69
691
7
75
76
77
79
791
792
793
794
795
8
81
811
812
813
814
815
82
821
822
823
83
85
851
852
853
86
861
862
863
8631
8632
8633
8634
8635
864
865
8651
8652
8653
866 
8661
8662 
8663
8664
867
8671
8672
8673
8674
869
8691
8692
8693
8694
87
871
8711
8712
8713
8714
872
8721
8722
8723
8724
8725
8726
8727
873
8731
8732
8733
8734
874
8741
8742
8743
8746
8747
8748
875
8751
8752
8753
8754
876
8761
8762
8763
877
8771
8772
8773
8774
8775
8776
878
8781
8782
8783
879
8791
8792
8793
8794
88
881
882
883
884
885
886
887
888
889
8891
8892
8893
8894
8895
89
891
9
91
93
949
96
961
962
963
9631
9632
9633
9634
9635
964
965
9651
9652
9653
966
9661
9662
9663
9664
967
9671
9672
9673
968
969
9694
9695
97
971
9711
9712
972
9721
9722
973
9731
9732
9733
9734
9735
9736
9737
9738
974
9741
9742
9743
9744
9745
9746
9747
975
9751
9752
9753
9754
976
9761
9762
9763
977
9771
9772
9773
9774
978
9781
9782 
979
9791
9792
9793
9794
98
981
983
984
985
986
987
988
989
9891
9892
9893
9894
9895
9896
